RSASIQHT:1024,1
FileDateTime:2022-07-17T23:07:48.271
Hardware:RSA306B,B037150,V7
Software/Firmware:1.0.0014,V1.7,V2.1
ReferenceLevel:-44.40
CenterFrequency:100000000.00
SampleRate:3500000.000
AcqBandwidth:1560000.00
NumberSamples:0
NumberFormat:IQ-Int32
DataScale:1.4528071E-09
DataEndian:Little
RecordUtcSec:001658113664.000000000
RecordUtcTime:2022-07-18T03:07:44.000000000
RecordLclTime:2022-07-17T23:07:44.000000000
TriggerIndex:0
TriggerUtcSec:001658113664.000000000
TriggerUtcTime:2022-07-18T03:07:44.000000000
TriggerLclTime:2022-07-17T23:07:44.000000000
AcqStatus:0x00000000
RefTimeSource:System
FreqRefSource:Intern
                                                                                                                                                                                                                                                                                                                                                                                         